{
 "cells": [
  {
   "cell_type": "markdown",
   "source": [
    "# Hierarchically clustered risk parity optimization\n",
    "\n",
    "For large portfolios containing many correlated assets standard optimization techniques fail both numerically and conceptually. The latter is because the assumption that one asset is a perfect substitute for another is simply incorrect for a general (large) portfolio. One overcomes this problem by clustering the portfolio correlations and optimizing in a way that respects the implied hierarchy."
   ],
   "metadata": {
    "collapsed": false,
    "pycharm": {
     "name": "#%% md\n"
    }
   }
  },
  {
   "cell_type": "code",
   "execution_count": 13,
   "outputs": [
    {
     "data": {
      "text/plain": "Renderers configuration\n-----------------------\n    Default renderer: 'jupyterlab'\n    Available renderers:\n        ['plotly_mimetype', 'jupyterlab', 'nteract', 'vscode',\n         'notebook', 'notebook_connected', 'kaggle', 'azure', 'colab',\n         'cocalc', 'databricks', 'json', 'png', 'jpeg', 'jpg', 'svg',\n         'pdf', 'browser', 'firefox', 'chrome', 'chromium', 'iframe',\n         'iframe_connected', 'sphinx_gallery', 'sphinx_gallery_png']"
     },
     "execution_count": 13,
     "metadata": {},
     "output_type": "execute_result"
    }
   ],
   "source": [
    "import numpy as np\n",
    "import scipy.cluster.hierarchy as sch\n",
    "from rpp.portfolio import Portfolio\n",
    "from rpp.plot_utils import *\n",
    "import pandas as pd\n",
    "import plotly.io as pio\n",
    "\n",
    "pio.renderers.default='jupyterlab'\n",
    "pio.renderers"
   ],
   "metadata": {
    "collapsed": false,
    "pycharm": {
     "name": "#%%\n"
    }
   }
  },
  {
   "cell_type": "markdown",
   "source": [
    "Let's read in a list of the largest US equities by market cap and build a portfolio out of a large number of them:"
   ],
   "metadata": {
    "collapsed": false,
    "pycharm": {
     "name": "#%% md\n"
    }
   }
  },
  {
   "cell_type": "code",
   "execution_count": 2,
   "outputs": [
    {
     "data": {
      "text/plain": "  0%|          | 0/51 [00:00<?, ?it/s]",
      "application/vnd.jupyter.widget-view+json": {
       "version_major": 2,
       "version_minor": 0,
       "model_id": "433b9fb250914d24bbff0f90a7de37a2"
      }
     },
     "metadata": {},
     "output_type": "display_data"
    },
    {
     "data": {
      "text/plain": "    Rank                Name Symbol     marketcap  price (USD)        country\n0      1               Apple   AAPL  2.652870e+12       162.41  United States\n1      2           Microsoft   MSFT  2.222590e+12       296.03  United States\n3      4   Alphabet (Google)   GOOG  1.725670e+12      2601.84  United States\n4      5              Amazon   AMZN  1.446820e+12      2852.86  United States\n5      6               Tesla   TSLA  9.479210e+11       943.90  United States\n6      7     Meta (Facebook)     FB  8.433460e+11       303.17  United States\n7      8  Berkshire Hathaway  BRK-A  6.821870e+11    458675.00  United States\n9     10              NVIDIA   NVDA  5.824800e+11       233.74  United States\n11    12                Visa      V  4.476530e+11       205.93  United States\n12    13        UnitedHealth    UNH  4.343530e+11       461.17  United States\n13    14   Johnson & Johnson    JNJ  4.340370e+11       164.87  United States\n14    15      JPMorgan Chase    JPM  4.271300e+11       145.08  United States\n17    18    Procter & Gamble     PG  3.935320e+11       162.62  United States\n19    20             Walmart    WMT  3.888700e+11       140.19  United States\n20    21     Bank of America    BAC  3.676290e+11        44.92  United States",
      "text/html": "<div>\n<style scoped>\n    .dataframe tbody tr th:only-of-type {\n        vertical-align: middle;\n    }\n\n    .dataframe tbody tr th {\n        vertical-align: top;\n    }\n\n    .dataframe thead th {\n        text-align: right;\n    }\n</style>\n<table border=\"1\" class=\"dataframe\">\n  <thead>\n    <tr style=\"text-align: right;\">\n      <th></th>\n      <th>Rank</th>\n      <th>Name</th>\n      <th>Symbol</th>\n      <th>marketcap</th>\n      <th>price (USD)</th>\n      <th>country</th>\n    </tr>\n  </thead>\n  <tbody>\n    <tr>\n      <th>0</th>\n      <td>1</td>\n      <td>Apple</td>\n      <td>AAPL</td>\n      <td>2.652870e+12</td>\n      <td>162.41</td>\n      <td>United States</td>\n    </tr>\n    <tr>\n      <th>1</th>\n      <td>2</td>\n      <td>Microsoft</td>\n      <td>MSFT</td>\n      <td>2.222590e+12</td>\n      <td>296.03</td>\n      <td>United States</td>\n    </tr>\n    <tr>\n      <th>3</th>\n      <td>4</td>\n      <td>Alphabet (Google)</td>\n      <td>GOOG</td>\n      <td>1.725670e+12</td>\n      <td>2601.84</td>\n      <td>United States</td>\n    </tr>\n    <tr>\n      <th>4</th>\n      <td>5</td>\n      <td>Amazon</td>\n      <td>AMZN</td>\n      <td>1.446820e+12</td>\n      <td>2852.86</td>\n      <td>United States</td>\n    </tr>\n    <tr>\n      <th>5</th>\n      <td>6</td>\n      <td>Tesla</td>\n      <td>TSLA</td>\n      <td>9.479210e+11</td>\n      <td>943.90</td>\n      <td>United States</td>\n    </tr>\n    <tr>\n      <th>6</th>\n      <td>7</td>\n      <td>Meta (Facebook)</td>\n      <td>FB</td>\n      <td>8.433460e+11</td>\n      <td>303.17</td>\n      <td>United States</td>\n    </tr>\n    <tr>\n      <th>7</th>\n      <td>8</td>\n      <td>Berkshire Hathaway</td>\n      <td>BRK-A</td>\n      <td>6.821870e+11</td>\n      <td>458675.00</td>\n      <td>United States</td>\n    </tr>\n    <tr>\n      <th>9</th>\n      <td>10</td>\n      <td>NVIDIA</td>\n      <td>NVDA</td>\n      <td>5.824800e+11</td>\n      <td>233.74</td>\n      <td>United States</td>\n    </tr>\n    <tr>\n      <th>11</th>\n      <td>12</td>\n      <td>Visa</td>\n      <td>V</td>\n      <td>4.476530e+11</td>\n      <td>205.93</td>\n      <td>United States</td>\n    </tr>\n    <tr>\n      <th>12</th>\n      <td>13</td>\n      <td>UnitedHealth</td>\n      <td>UNH</td>\n      <td>4.343530e+11</td>\n      <td>461.17</td>\n      <td>United States</td>\n    </tr>\n    <tr>\n      <th>13</th>\n      <td>14</td>\n      <td>Johnson &amp; Johnson</td>\n      <td>JNJ</td>\n      <td>4.340370e+11</td>\n      <td>164.87</td>\n      <td>United States</td>\n    </tr>\n    <tr>\n      <th>14</th>\n      <td>15</td>\n      <td>JPMorgan Chase</td>\n      <td>JPM</td>\n      <td>4.271300e+11</td>\n      <td>145.08</td>\n      <td>United States</td>\n    </tr>\n    <tr>\n      <th>17</th>\n      <td>18</td>\n      <td>Procter &amp; Gamble</td>\n      <td>PG</td>\n      <td>3.935320e+11</td>\n      <td>162.62</td>\n      <td>United States</td>\n    </tr>\n    <tr>\n      <th>19</th>\n      <td>20</td>\n      <td>Walmart</td>\n      <td>WMT</td>\n      <td>3.888700e+11</td>\n      <td>140.19</td>\n      <td>United States</td>\n    </tr>\n    <tr>\n      <th>20</th>\n      <td>21</td>\n      <td>Bank of America</td>\n      <td>BAC</td>\n      <td>3.676290e+11</td>\n      <td>44.92</td>\n      <td>United States</td>\n    </tr>\n  </tbody>\n</table>\n</div>"
     },
     "execution_count": 2,
     "metadata": {},
     "output_type": "execute_result"
    }
   ],
   "source": [
    "market_cap = pd.read_csv(\"market_cap_list.csv\")\n",
    "us_companies = market_cap.loc[market_cap.country==\"United States\"]\n",
    "Pf = Portfolio(*us_companies.Symbol.iloc[:50], period=\"2y\")\n",
    "us_companies.head(15)"
   ],
   "metadata": {
    "collapsed": false,
    "pycharm": {
     "name": "#%%\n"
    }
   }
  },
  {
   "cell_type": "code",
   "execution_count": 3,
   "outputs": [],
   "source": [
    "with open('top50.txt', 'w') as f:\n",
    "    dfAsString = us_companies.Symbol.iloc[:50].to_string(header=False, index=False)\n",
    "    f.write(dfAsString)"
   ],
   "metadata": {
    "collapsed": false,
    "pycharm": {
     "name": "#%%\n"
    }
   }
  },
  {
   "cell_type": "markdown",
   "source": [
    "Let's visually inspect the correlation matrices with and without clustering. The tree plot of the hierarchical clusters is inline with our intutitive understanding of how these equities are clustered - sector, value vs. growth etc."
   ],
   "metadata": {
    "collapsed": false,
    "pycharm": {
     "name": "#%% md\n"
    }
   }
  },
  {
   "cell_type": "code",
   "execution_count": 14,
   "outputs": [
    {
     "data": {
      "application/vnd.plotly.v1+json": {
       "data": [
        {
         "coloraxis": "coloraxis",
         "name": "0",
         "x": [
          "AAPL",
          "MSFT",
          "GOOG",
          "AMZN",
          "TSLA",
          "FB",
          "BRK-A",
          "NVDA",
          "V",
          "UNH",
          "JNJ",
          "JPM",
          "PG",
          "WMT",
          "BAC",
          "HD",
          "MA",
          "XOM",
          "PFE",
          "KO",
          "DIS",
          "CVX",
          "PEP",
          "CSCO",
          "ADBE",
          "ABBV",
          "LLY",
          "TMO",
          "CMCSA",
          "NKE",
          "VZ",
          "ABT",
          "AVGO",
          "ORCL",
          "CRM",
          "COST",
          "INTC",
          "WFC",
          "MRK",
          "DHR",
          "PYPL",
          "MCD",
          "T",
          "QCOM",
          "MS",
          "NFLX",
          "UPS",
          "SCHW",
          "TXN",
          "NEE"
         ],
         "y": [
          "AAPL",
          "MSFT",
          "GOOG",
          "AMZN",
          "TSLA",
          "FB",
          "BRK-A",
          "NVDA",
          "V",
          "UNH",
          "JNJ",
          "JPM",
          "PG",
          "WMT",
          "BAC",
          "HD",
          "MA",
          "XOM",
          "PFE",
          "KO",
          "DIS",
          "CVX",
          "PEP",
          "CSCO",
          "ADBE",
          "ABBV",
          "LLY",
          "TMO",
          "CMCSA",
          "NKE",
          "VZ",
          "ABT",
          "AVGO",
          "ORCL",
          "CRM",
          "COST",
          "INTC",
          "WFC",
          "MRK",
          "DHR",
          "PYPL",
          "MCD",
          "T",
          "QCOM",
          "MS",
          "NFLX",
          "UPS",
          "SCHW",
          "TXN",
          "NEE"
         ],
         "z": [
          [
           1.0,
           0.8079889177940921,
           0.7060386685590013,
           0.6768832380787984,
           0.49170784456090033,
           0.6989347681790204,
           0.5210807909380062,
           0.6998977689161026,
           0.616257405470577,
           0.5744958688705373,
           0.5117253453954477,
           0.4539516898626087,
           0.5248193374002408,
           0.47226622487046216,
           0.45469837614302894,
           0.6283350041489397,
           0.6034908389312055,
           0.3650517207164747,
           0.3528740085882556,
           0.49963714717932,
           0.44809490468775104,
           0.4208722339677216,
           0.6143328917695755,
           0.6023074766965599,
           0.726922745581144,
           0.4658976964615187,
           0.3911489662768513,
           0.5316775846246619,
           0.5090581329484666,
           0.5227030024476851,
           0.39039640922554003,
           0.5404491304223248,
           0.6828563730353348,
           0.5315052657828112,
           0.5909886112174105,
           0.6284784122347657,
           0.569483598686841,
           0.3964181108569339,
           0.40869620670906115,
           0.5751503613826561,
           0.6606461020343721,
           0.5604039085128345,
           0.4128403364931138,
           0.6576420377171346,
           0.5345954552797259,
           0.49442244991144657,
           0.4933938460645915,
           0.3950562769645808,
           0.6837007008399183,
           0.5250576869057335
          ],
          [
           0.8079889177940921,
           1.0,
           0.8220938746076849,
           0.6972595887802162,
           0.501762844865956,
           0.7057802629946848,
           0.5474158276420472,
           0.7640000464656899,
           0.6788514727601311,
           0.6348383727095112,
           0.5708062585583581,
           0.4891032836369961,
           0.5911366449566733,
           0.5064991518952475,
           0.4823517812039089,
           0.6924846298802184,
           0.6546732463207066,
           0.37534947147028247,
           0.39199761880485984,
           0.5403710629602574,
           0.5040237045579007,
           0.46919067286142274,
           0.6815613754848617,
           0.6660856291033346,
           0.8379391956537828,
           0.5414568860266815,
           0.46312874706611895,
           0.5809192795647482,
           0.5641567213887312,
           0.5559441736930185,
           0.44804395368195854,
           0.6290231707542304,
           0.7402148487048268,
           0.6046151002776512,
           0.7095535733241514,
           0.6699667107019429,
           0.6374286110506956,
           0.4243298812987161,
           0.4912654097061651,
           0.6377967913534153,
           0.6968698037683941,
           0.6079144872501773,
           0.44027901496010935,
           0.6930543966739606,
           0.561344556526192,
           0.5418873976446669,
           0.47983408945512257,
           0.4273388579349836,
           0.7431744571800268,
           0.5787161792450648
          ],
          [
           0.7060386685590013,
           0.8220938746076849,
           1.0,
           0.659829472166401,
           0.4278305321974114,
           0.7425554372533865,
           0.5476060519365602,
           0.6748636959556457,
           0.6723886710205512,
           0.5878401503495938,
           0.5063751450777053,
           0.510964457744965,
           0.5105103538876314,
           0.409719053922055,
           0.512497624438327,
           0.6168718619107365,
           0.6532777252045185,
           0.45099660018737775,
           0.366093194166587,
           0.5410284245029515,
           0.5382965455528564,
           0.5083145401374055,
           0.5857240885196204,
           0.6022568535935539,
           0.737010287982242,
           0.5441766770929921,
           0.3811312976825677,
           0.5048740852086698,
           0.5544510252571868,
           0.527237172814682,
           0.4337908980410347,
           0.5113787454290948,
           0.6631653751381987,
           0.512938274588728,
           0.637801279684182,
           0.5541313098984355,
           0.5790569751617339,
           0.47194902320041004,
           0.42343164076698303,
           0.5408739674149603,
           0.6373733792829361,
           0.5948154005525867,
           0.460542816125148,
           0.6333455489425924,
           0.5718640649988591,
           0.4983372264445346,
           0.4475614012260033,
           0.4531558358814419,
           0.6855613032789042,
           0.5222821318575729
          ],
          [
           0.6768832380787984,
           0.6972595887802162,
           0.659829472166401,
           1.0,
           0.44476250306529425,
           0.6407189841732279,
           0.28491981342176803,
           0.6365331637931917,
           0.4153494672826518,
           0.379228042561957,
           0.31800712694704647,
           0.21553864383478272,
           0.36276537484466415,
           0.3603613619740073,
           0.2288168737546788,
           0.4285507764534096,
           0.42043336615700655,
           0.18784216063697748,
           0.1998953309354172,
           0.27372310716952847,
           0.3448414873057322,
           0.18673897737431167,
           0.4351572270954425,
           0.4236790355574399,
           0.6944241241887177,
           0.29879544874950625,
           0.29010577948481137,
           0.41423116648143365,
           0.3814715704085376,
           0.35315250381722935,
           0.26400503730326164,
           0.374130619962838,
           0.5402859637352687,
           0.3665240952255458,
           0.5704859649386291,
           0.5292128252559287,
           0.4655344104118976,
           0.19820373381096681,
           0.263733364562547,
           0.4141217499092646,
           0.5803956131517914,
           0.35423568503444525,
           0.22829017716347993,
           0.5572037946693921,
           0.29622200501810375,
           0.6156141520933158,
           0.37089757227660664,
           0.22446064218699535,
           0.5649070838988024,
           0.36316265883514354
          ],
          [
           0.49170784456090033,
           0.501762844865956,
           0.4278305321974114,
           0.44476250306529425,
           1.0,
           0.39261286522287897,
           0.27534457495596676,
           0.5072982405292016,
           0.3774750392140257,
           0.2832296261431362,
           0.15368958160438126,
           0.2745030968624169,
           0.14929513146260903,
           0.1608627760475457,
           0.26090117967348064,
           0.388600676326288,
           0.377014536847259,
           0.22278198265339233,
           0.09941575451843607,
           0.23808330212402817,
           0.3006386992692646,
           0.3080261523074989,
           0.2580727022556074,
           0.2602800306357274,
           0.4846308348755764,
           0.2571828303531112,
           0.08072527944895289,
           0.2751483984177581,
           0.28253079561171757,
           0.30776803278518944,
           0.08079220066512341,
           0.254343286769685,
           0.5034120008882658,
           0.18502624429664374,
           0.47595203896670735,
           0.30277310166366816,
           0.3524701219210514,
           0.2414318422203881,
           0.2130723489085245,
           0.3103978950168477,
           0.45184790658539103,
           0.40136959093686486,
           0.17387006057334628,
           0.4321368679505807,
           0.30980458951559026,
           0.3723667567865498,
           0.15590605687563408,
           0.22571365465185472,
           0.4158422959219653,
           0.29112791228141444
          ],
          [
           0.6989347681790204,
           0.7057802629946848,
           0.7425554372533865,
           0.6407189841732279,
           0.39261286522287897,
           1.0,
           0.44179571831773146,
           0.6208868906369587,
           0.5742641319418157,
           0.5009048769949419,
           0.3979861433028361,
           0.39016401999930056,
           0.40086294362396896,
           0.3549121615685334,
           0.39969302503921617,
           0.5443501196449526,
           0.5461045143104942,
           0.3058477844116127,
           0.25001280205168325,
           0.38744390986336036,
           0.43722197359833825,
           0.3664665083007957,
           0.4936232413583629,
           0.4961567986494418,
           0.6997952288644296,
           0.40367709090948317,
           0.30042585748042605,
           0.43339181297877527,
           0.4735004721333706,
           0.47066511357190144,
           0.3341775831962855,
           0.4174067212727668,
           0.6057642607948963,
           0.4356726858877417,
           0.6255791980724716,
           0.5158501909371032,
           0.4988284013122538,
           0.3409062935071642,
           0.33379054649873624,
           0.4648426003903806,
           0.6461805445200871,
           0.5383422380835642,
           0.34187510057118614,
           0.5629811319229437,
           0.4506248587560483,
           0.5215973532342973,
           0.41044080183084575,
           0.33771577746103354,
           0.5953804395464306,
           0.41194067805948636
          ],
          [
           0.5210807909380062,
           0.5474158276420472,
           0.5476060519365602,
           0.28491981342176803,
           0.27534457495596676,
           0.44179571831773146,
           1.0,
           0.4086186020695619,
           0.7368221377496961,
           0.6750011392767643,
           0.6391960269231726,
           0.809251895384676,
           0.5604436844560303,
           0.37457216275820565,
           0.8009077408695684,
           0.6226906718666332,
           0.6949364097447644,
           0.706267681909631,
           0.41711723861338235,
           0.7135597292599687,
           0.6534653810708969,
           0.770099514578172,
           0.6197098399629376,
           0.6346786944719864,
           0.3964417832277398,
           0.5234706395033962,
           0.355605846232984,
           0.3699772169889801,
           0.6421747034096604,
           0.5881926592190737,
           0.6178799913203592,
           0.5185808744499633,
           0.6014244255085913,
           0.5658795645104235,
           0.415229674540777,
           0.42440402469139304,
           0.5027886168610933,
           0.7349178396174998,
           0.5305082426450238,
           0.4573533937505358,
           0.4392440992481816,
           0.7088581472365034,
           0.6778063249917671,
           0.477234944423723,
           0.7964596256905297,
           0.19070442809550922,
           0.5078233724733725,
           0.718237803731264,
           0.6113745935914607,
           0.571083772391697
          ],
          [
           0.6998977689161026,
           0.7640000464656899,
           0.6748636959556457,
           0.6365331637931917,
           0.5072982405292016,
           0.6208868906369587,
           0.4086186020695619,
           1.0,
           0.5648429085463554,
           0.521807924032522,
           0.3731064639631286,
           0.3563545519037202,
           0.40685428518242683,
           0.40858041706033665,
           0.3591988149845921,
           0.6055455059673985,
           0.5351730650390095,
           0.31295489211072214,
           0.2598170352789085,
           0.35346915702059495,
           0.3936576304906839,
           0.38640877075390634,
           0.513578121065977,
           0.5148096941602076,
           0.7455271351275785,
           0.4094203284448396,
           0.3286671033868594,
           0.5273630212086412,
           0.4149585990241014,
           0.5048287274168725,
           0.27008518756907623,
           0.49768173170307506,
           0.7225935242518011,
           0.433756912589278,
           0.6226068208475299,
           0.5557487089231585,
           0.5707595978132164,
           0.3077197438411515,
           0.34103021940510647,
           0.5754404665822509,
           0.6784502538162208,
           0.5076725610049296,
           0.26405123427289123,
           0.6921174069331117,
           0.4716392502110935,
           0.49674436898556995,
           0.43434531552122646,
           0.32637534090129505,
           0.7272796932642897,
           0.46122231256869145
          ],
          [
           0.616257405470577,
           0.6788514727601311,
           0.6723886710205512,
           0.4153494672826518,
           0.3774750392140257,
           0.5742641319418157,
           0.7368221377496961,
           0.5648429085463554,
           1.0,
           0.6561311415307168,
           0.5853781785099088,
           0.6856048846396651,
           0.5311757649900481,
           0.3552620374671087,
           0.6782506335247899,
           0.6316295502215616,
           0.9233634279905747,
           0.5979306134160774,
           0.40926658541037453,
           0.6573475180403973,
           0.68710073652251,
           0.6761367776221933,
           0.604606184846723,
           0.6448839213140583,
           0.5857536435423317,
           0.5601976075224838,
           0.35633020751244215,
           0.46473589086602696,
           0.6238764919228972,
           0.6310474274039092,
           0.521251209463037,
           0.5325002692458061,
           0.6526381291821182,
           0.5476585329539999,
           0.5580723938842873,
           0.47355697622937254,
           0.5473829023149915,
           0.594338711008964,
           0.4856372249421233,
           0.5028467700960911,
           0.6265721693032467,
           0.7099753542861406,
           0.5958616877069527,
           0.5426884510404489,
           0.6985892819878773,
           0.31786701704325343,
           0.46620246174989416,
           0.6084882722109136,
           0.6611724592116561,
           0.553449151166265
          ],
          [
           0.5744958688705373,
           0.6348383727095112,
           0.5878401503495938,
           0.379228042561957,
           0.2832296261431362,
           0.5009048769949419,
           0.6750011392767643,
           0.521807924032522,
           0.6561311415307168,
           1.0,
           0.6314794439366661,
           0.5819009145275329,
           0.5716454102701927,
           0.4026303209354459,
           0.5706682217874691,
           0.657231134238744,
           0.6118913975442021,
           0.4902659161600239,
           0.4555935983784536,
           0.5846042592425987,
           0.4767978267503609,
           0.6053914223581628,
           0.6545205558558559,
           0.5736872235098012,
           0.5126270670904038,
           0.6223253798281164,
           0.49008586139002464,
           0.48612175133286395,
           0.5535997708404127,
           0.5649392120134128,
           0.5373345981674683,
           0.6126966137630091,
           0.6118267769724512,
           0.5090945788760279,
           0.4222843714179253,
           0.517648025622687,
           0.5190825228351286,
           0.5044246166325094,
           0.5601662129548219,
           0.5809225550151677,
           0.45251463177827755,
           0.6012892249074181,
           0.5487033699085526,
           0.5175098017495169,
           0.6225703576601779,
           0.29974534746564857,
           0.4795164486739449,
           0.4890500865051304,
           0.6058559651400418,
           0.5678223821581906
          ],
          [
           0.5117253453954477,
           0.5708062585583581,
           0.5063751450777053,
           0.31800712694704647,
           0.15368958160438126,
           0.3979861433028361,
           0.6391960269231726,
           0.3731064639631286,
           0.5853781785099088,
           0.6314794439366661,
           1.0,
           0.49940786807288695,
           0.7463222023451881,
           0.5343749328084137,
           0.5095466390517253,
           0.5211377962137594,
           0.5505307298254225,
           0.41710413958219833,
           0.5970245818402402,
           0.661700380976982,
           0.42388807134555506,
           0.49678375677717246,
           0.7098507851325833,
           0.6332693796487151,
           0.4072779075552251,
           0.5809788992223951,
           0.5771790660204428,
           0.5499706591612915,
           0.5116154843458357,
           0.45922035955296076,
           0.6349683971381144,
           0.6905295929719382,
           0.4240590287026848,
           0.5554445534554431,
           0.3575815014934636,
           0.5329069820311801,
           0.4557255944234746,
           0.45261941501793357,
           0.6244507184130167,
           0.5468231066691813,
           0.3959492835121396,
           0.5112179676894097,
           0.596895292338055,
           0.39030530710215916,
           0.5356373843158696,
           0.20913474270235688,
           0.4840685038616081,
           0.4382997323322342,
           0.534377370842413,
           0.6113246098475956
          ],
          [
           0.4539516898626087,
           0.4891032836369961,
           0.510964457744965,
           0.21553864383478272,
           0.2745030968624169,
           0.39016401999930056,
           0.809251895384676,
           0.3563545519037202,
           0.6856048846396651,
           0.5819009145275329,
           0.49940786807288695,
           1.0,
           0.4501435578021089,
           0.290616589440861,
           0.9400051639741444,
           0.6046822771229285,
           0.665187506305374,
           0.7166820415104973,
           0.39932063750342367,
           0.6546382618814391,
           0.6660380595588897,
           0.7729838847829485,
           0.5415322141043828,
           0.5647490689851531,
           0.3715703615344113,
           0.47172107714586187,
           0.283850582711902,
           0.2858456829098767,
           0.6275702806425508,
           0.5544488550518466,
           0.547210287500251,
           0.40275197330498086,
           0.5670726627349403,
           0.5308021472886398,
           0.38708199370475266,
           0.3402794910340322,
           0.5012185759322976,
           0.8499259764141991,
           0.46322082562167516,
           0.3761459818895723,
           0.3886719997318426,
           0.6354948018853744,
           0.6835643238889639,
           0.44502685396108016,
           0.8710643037824726,
           0.14619517792427514,
           0.45334907455380136,
           0.7776346168719928,
           0.5699149472817869,
           0.49141801816667624
          ],
          [
           0.5248193374002408,
           0.5911366449566733,
           0.5105103538876314,
           0.36276537484466415,
           0.14929513146260903,
           0.40086294362396896,
           0.5604436844560303,
           0.40685428518242683,
           0.5311757649900481,
           0.5716454102701927,
           0.7463222023451881,
           0.4501435578021089,
           1.0,
           0.6291515130658809,
           0.48024464210122275,
           0.5634171847422428,
           0.5050537494108874,
           0.34773299453620854,
           0.4968397633523742,
           0.6577795540697838,
           0.39861434219639247,
           0.3762514479195749,
           0.8075776951368118,
           0.6066996507482163,
           0.4631839339982178,
           0.46685346335038214,
           0.48706359489645684,
           0.5252730846144154,
           0.5304515958210195,
           0.45238865013322144,
           0.6687856738083734,
           0.6278486623031033,
           0.4135953595703096,
           0.6009594514477481,
           0.3609855581631723,
           0.6240428187865684,
           0.4551911713585392,
           0.4430821588090966,
           0.5023155230977471,
           0.5489617049246144,
           0.40079910248856154,
           0.49147718452919903,
           0.6114971736134717,
           0.4398986231988348,
           0.4974412530052017,
           0.2797142020564117,
           0.5466329821724375,
           0.42792244552970493,
           0.5290341141719519,
           0.6711961856311656
          ],
          [
           0.47226622487046216,
           0.5064991518952475,
           0.409719053922055,
           0.3603613619740073,
           0.1608627760475457,
           0.3549121615685334,
           0.37457216275820565,
           0.40858041706033665,
           0.3552620374671087,
           0.4026303209354459,
           0.5343749328084137,
           0.290616589440861,
           0.6291515130658809,
           1.0,
           0.3144732768044636,
           0.471182896392919,
           0.32003040896852786,
           0.21684086993802262,
           0.36275227276857896,
           0.41658019925574824,
           0.2670343276132925,
           0.21987796748718808,
           0.6329047319461462,
           0.4693417368033062,
           0.4276094064047943,
           0.33647686192948284,
           0.3963277356355539,
           0.38494362729713827,
           0.43574192518533833,
           0.2888350709043347,
           0.5017243173701421,
           0.4488285006295313,
           0.33738385525599957,
           0.4839046048614025,
           0.3479696915558709,
           0.6784602182565448,
           0.4183247175998243,
           0.30707181966877956,
           0.37527945491953607,
           0.3975948760933015,
           0.3548199506996804,
           0.348909335818098,
           0.40144889479615153,
           0.3597986626066209,
           0.3565859412895206,
           0.34497403248856595,
           0.40085418095569103,
           0.31327033851483493,
           0.4861886581932692,
           0.4762485793894278
          ],
          [
           0.45469837614302894,
           0.4823517812039089,
           0.512497624438327,
           0.2288168737546788,
           0.26090117967348064,
           0.39969302503921617,
           0.8009077408695684,
           0.3591988149845921,
           0.6782506335247899,
           0.5706682217874691,
           0.5095466390517253,
           0.9400051639741444,
           0.48024464210122275,
           0.3144732768044636,
           1.0,
           0.5760004469571723,
           0.6567727204819929,
           0.7523362248655099,
           0.3809219978324317,
           0.639319846548305,
           0.66738167286417,
           0.7584706440349327,
           0.553957544986682,
           0.6065152872878279,
           0.3558694227579592,
           0.4777549907971582,
           0.30453869447710347,
           0.2867056111555105,
           0.6209236195543133,
           0.5563209223456965,
           0.5607949415669894,
           0.4106790155100846,
           0.53212366422344,
           0.5308131738006486,
           0.3877267697987053,
           0.33084826185336275,
           0.4988412880474293,
           0.8825521088811952,
           0.4467470771490616,
           0.3566751280307089,
           0.38518483528035563,
           0.616980009719349,
           0.7182405236136524,
           0.44339085547273643,
           0.871308616131303,
           0.14538183240433675,
           0.4763830994296443,
           0.8124015807665644,
           0.570722071197495,
           0.4701577272214051
          ],
          [
           0.6283350041489397,
           0.6924846298802184,
           0.6168718619107365,
           0.4285507764534096,
           0.388600676326288,
           0.5443501196449526,
           0.6226906718666332,
           0.6055455059673985,
           0.6316295502215616,
           0.657231134238744,
           0.5211377962137594,
           0.6046822771229285,
           0.5634171847422428,
           0.471182896392919,
           0.5760004469571723,
           1.0,
           0.5885409594955486,
           0.44362285751876235,
           0.36835769401375035,
           0.5792667014817146,
           0.5373697384769462,
           0.5705615532211112,
           0.717314627657779,
           0.6132451981171653,
           0.6111535468309864,
           0.5330104660656737,
           0.40675936166136584,
           0.4735527205091779,
           0.5726149572696733,
           0.5913684609289127,
           0.5028150367471361,
           0.527379161738976,
           0.7020177702360078,
           0.5515855277167098,
           0.5361659113031974,
           0.5930942692792331,
           0.5609675245793606,
           0.540239998700619,
           0.4733393026344321,
           0.5775330596608178,
           0.5833616825477338,
           0.7296914346346737,
           0.5237399579268248,
           0.6049553697873974,
           0.6151290716860266,
           0.37446610797054475,
           0.48415612323472246,
           0.4439318817846706,
           0.660327901898787,
           0.6052113598130305
          ],
          [
           0.6034908389312055,
           0.6546732463207066,
           0.6532777252045185,
           0.42043336615700655,
           0.377014536847259,
           0.5461045143104942,
           0.6949364097447644,
           0.5351730650390095,
           0.9233634279905747,
           0.6118913975442021,
           0.5505307298254225,
           0.665187506305374,
           0.5050537494108874,
           0.32003040896852786,
           0.6567727204819929,
           0.5885409594955486,
           1.0,
           0.5900641765149446,
           0.3905348137684856,
           0.6693309700542424,
           0.7033653165502999,
           0.636029077521047,
           0.5821329529791508,
           0.6223982859078253,
           0.5521286780240712,
           0.5218723434008395,
           0.3310150440406024,
           0.42538099832894,
           0.6110404009022131,
           0.6080332307044611,
           0.4674491441288862,
           0.49809699793557094,
           0.6169543385937979,
           0.5239203985774218,
           0.5471173916814005,
           0.4323654082995505,
           0.5373362369151837,
           0.5914601711910301,
           0.4377566472682053,
           0.47407582072701243,
           0.6027791985411369,
           0.6622025955424068,
           0.5728953661828495,
           0.5320719078171688,
           0.6835403392334299,
           0.28328551980273114,
           0.45120767451836813,
           0.6101918931892213,
           0.6264399022435316,
           0.5256910138358453
          ],
          [
           0.3650517207164747,
           0.37534947147028247,
           0.45099660018737775,
           0.18784216063697748,
           0.22278198265339233,
           0.3058477844116127,
           0.706267681909631,
           0.31295489211072214,
           0.5979306134160774,
           0.4902659161600239,
           0.41710413958219833,
           0.7166820415104973,
           0.34773299453620854,
           0.21684086993802262,
           0.7523362248655099,
           0.44362285751876235,
           0.5900641765149446,
           1.0,
           0.30714806745836143,
           0.5771016058712732,
           0.5946208997674551,
           0.8620964089434008,
           0.44857370122334617,
           0.5026710621225667,
           0.24779445646426262,
           0.43287659368520465,
           0.2973806905609248,
           0.13370578860795218,
           0.513525334149027,
           0.46302425568920874,
           0.4656256286473309,
           0.27773941186451145,
           0.4980486535758293,
           0.38440722268097993,
           0.2902709341917987,
           0.22809064654416125,
           0.43861937229234393,
           0.7126960956464429,
           0.37428276655901155,
           0.22291826212450952,
           0.3042981681577893,
           0.5146061996627079,
           0.5951577581904693,
           0.39276227830788873,
           0.7118931391480451,
           0.08922263301808482,
           0.36497181009357316,
           0.6372633083741123,
           0.5038708997592833,
           0.36482448538325196
          ],
          [
           0.3528740085882556,
           0.39199761880485984,
           0.366093194166587,
           0.1998953309354172,
           0.09941575451843607,
           0.25001280205168325,
           0.41711723861338235,
           0.2598170352789085,
           0.40926658541037453,
           0.4555935983784536,
           0.5970245818402402,
           0.39932063750342367,
           0.4968397633523742,
           0.36275227276857896,
           0.3809219978324317,
           0.36835769401375035,
           0.3905348137684856,
           0.30714806745836143,
           1.0,
           0.4829978528726761,
           0.2995614542568624,
           0.3414516418300486,
           0.5101009786091664,
           0.48054500723681215,
           0.2870227382607031,
           0.512022440646393,
           0.4562040707235395,
           0.41398113515518176,
           0.37844309582224694,
           0.30622772506379003,
           0.5033772974014261,
           0.454498900509059,
           0.31477456459988434,
           0.4202762030491222,
           0.22052786455738208,
           0.37351998327309816,
           0.34835154538551666,
           0.3558085018644505,
           0.47779255209130866,
           0.45885616383759226,
           0.23473729328169726,
           0.308816635378865,
           0.45918976272895345,
           0.30008911220256357,
           0.38750567220020105,
           0.12493221217166597,
           0.3185471861816443,
