{
 "cells": [
  {
   "cell_type": "markdown",
   "source": [
    "# Hierarchically clustered risk parity optimization\n",
    "\n",
    "For large portfolios containing many correlated assets standard optimization techniques fail both numerically and conceptually. The latter is because the assumption that one asset is a perfect substitute for another is simply incorrect for a general (large) portfolio. One overcomes this problem by clustering the portfolio correlations and optimizing in a way that respects the implied hierarchy."
   ],
   "metadata": {
    "collapsed": false,
    "pycharm": {
     "name": "#%% md\n"
    }
   }
  },
  {
   "cell_type": "code",
   "execution_count": 1,
   "outputs": [],
   "source": [
    "import numpy as np\n",
    "import scipy.cluster.hierarchy as sch\n",
    "from rpp.portfolio import Portfolio\n",
    "from rpp.plot_utils import *\n",
    "import pandas as pd"
   ],
   "metadata": {
    "collapsed": false,
    "pycharm": {
     "name": "#%%\n"
    }
   }
  },
  {
   "cell_type": "markdown",
   "source": [
    "Let's read in a list of the largest US equities by market cap and build a portfolio out of a large number of them:"
   ],
   "metadata": {
    "collapsed": false,
    "pycharm": {
     "name": "#%% md\n"
    }
   }
  },
  {
   "cell_type": "code",
   "execution_count": 38,
   "outputs": [
    {
     "data": {
      "text/plain": "  0%|          | 0/51 [00:00<?, ?it/s]",
      "application/vnd.jupyter.widget-view+json": {
       "version_major": 2,
       "version_minor": 0,
       "model_id": "db75df14df994b74a625d0736a36014a"
      }
     },
     "metadata": {},
     "output_type": "display_data"
    },
    {
     "data": {
      "text/plain": "    Rank                Name Symbol     marketcap  price (USD)        country\n0      1               Apple   AAPL  2.652870e+12       162.41  United States\n1      2           Microsoft   MSFT  2.222590e+12       296.03  United States\n3      4   Alphabet (Google)   GOOG  1.725670e+12      2601.84  United States\n4      5              Amazon   AMZN  1.446820e+12      2852.86  United States\n5      6               Tesla   TSLA  9.479210e+11       943.90  United States\n6      7     Meta (Facebook)     FB  8.433460e+11       303.17  United States\n7      8  Berkshire Hathaway  BRK-A  6.821870e+11    458675.00  United States\n9     10              NVIDIA   NVDA  5.824800e+11       233.74  United States\n11    12                Visa      V  4.476530e+11       205.93  United States\n12    13        UnitedHealth    UNH  4.343530e+11       461.17  United States\n13    14   Johnson & Johnson    JNJ  4.340370e+11       164.87  United States\n14    15      JPMorgan Chase    JPM  4.271300e+11       145.08  United States\n17    18    Procter & Gamble     PG  3.935320e+11       162.62  United States\n19    20             Walmart    WMT  3.888700e+11       140.19  United States\n20    21     Bank of America    BAC  3.676290e+11        44.92  United States",
      "text/html": "<div>\n<style scoped>\n    .dataframe tbody tr th:only-of-type {\n        vertical-align: middle;\n    }\n\n    .dataframe tbody tr th {\n        vertical-align: top;\n    }\n\n    .dataframe thead th {\n        text-align: right;\n    }\n</style>\n<table border=\"1\" class=\"dataframe\">\n  <thead>\n    <tr style=\"text-align: right;\">\n      <th></th>\n      <th>Rank</th>\n      <th>Name</th>\n      <th>Symbol</th>\n      <th>marketcap</th>\n      <th>price (USD)</th>\n      <th>country</th>\n    </tr>\n  </thead>\n  <tbody>\n    <tr>\n      <th>0</th>\n      <td>1</td>\n      <td>Apple</td>\n      <td>AAPL</td>\n      <td>2.652870e+12</td>\n      <td>162.41</td>\n      <td>United States</td>\n    </tr>\n    <tr>\n      <th>1</th>\n      <td>2</td>\n      <td>Microsoft</td>\n      <td>MSFT</td>\n      <td>2.222590e+12</td>\n      <td>296.03</td>\n      <td>United States</td>\n    </tr>\n    <tr>\n      <th>3</th>\n      <td>4</td>\n      <td>Alphabet (Google)</td>\n      <td>GOOG</td>\n      <td>1.725670e+12</td>\n      <td>2601.84</td>\n      <td>United States</td>\n    </tr>\n    <tr>\n      <th>4</th>\n      <td>5</td>\n      <td>Amazon</td>\n      <td>AMZN</td>\n      <td>1.446820e+12</td>\n      <td>2852.86</td>\n      <td>United States</td>\n    </tr>\n    <tr>\n      <th>5</th>\n      <td>6</td>\n      <td>Tesla</td>\n      <td>TSLA</td>\n      <td>9.479210e+11</td>\n      <td>943.90</td>\n      <td>United States</td>\n    </tr>\n    <tr>\n      <th>6</th>\n      <td>7</td>\n      <td>Meta (Facebook)</td>\n      <td>FB</td>\n      <td>8.433460e+11</td>\n      <td>303.17</td>\n      <td>United States</td>\n    </tr>\n    <tr>\n      <th>7</th>\n      <td>8</td>\n      <td>Berkshire Hathaway</td>\n      <td>BRK-A</td>\n      <td>6.821870e+11</td>\n      <td>458675.00</td>\n      <td>United States</td>\n    </tr>\n    <tr>\n      <th>9</th>\n      <td>10</td>\n      <td>NVIDIA</td>\n      <td>NVDA</td>\n      <td>5.824800e+11</td>\n      <td>233.74</td>\n      <td>United States</td>\n    </tr>\n    <tr>\n      <th>11</th>\n      <td>12</td>\n      <td>Visa</td>\n      <td>V</td>\n      <td>4.476530e+11</td>\n      <td>205.93</td>\n      <td>United States</td>\n    </tr>\n    <tr>\n      <th>12</th>\n      <td>13</td>\n      <td>UnitedHealth</td>\n      <td>UNH</td>\n      <td>4.343530e+11</td>\n      <td>461.17</td>\n      <td>United States</td>\n    </tr>\n    <tr>\n      <th>13</th>\n      <td>14</td>\n      <td>Johnson &amp; Johnson</td>\n      <td>JNJ</td>\n      <td>4.340370e+11</td>\n      <td>164.87</td>\n      <td>United States</td>\n    </tr>\n    <tr>\n      <th>14</th>\n      <td>15</td>\n      <td>JPMorgan Chase</td>\n      <td>JPM</td>\n      <td>4.271300e+11</td>\n      <td>145.08</td>\n      <td>United States</td>\n    </tr>\n    <tr>\n      <th>17</th>\n      <td>18</td>\n      <td>Procter &amp; Gamble</td>\n      <td>PG</td>\n      <td>3.935320e+11</td>\n      <td>162.62</td>\n      <td>United States</td>\n    </tr>\n    <tr>\n      <th>19</th>\n      <td>20</td>\n      <td>Walmart</td>\n      <td>WMT</td>\n      <td>3.888700e+11</td>\n      <td>140.19</td>\n      <td>United States</td>\n    </tr>\n    <tr>\n      <th>20</th>\n      <td>21</td>\n      <td>Bank of America</td>\n      <td>BAC</td>\n      <td>3.676290e+11</td>\n      <td>44.92</td>\n      <td>United States</td>\n    </tr>\n  </tbody>\n</table>\n</div>"
     },
     "execution_count": 38,
     "metadata": {},
     "output_type": "execute_result"
    }
   ],
   "source": [
    "market_cap = pd.read_csv(\"market_cap_list.csv\")\n",
    "us_companies = market_cap.loc[market_cap.country==\"United States\"]\n",
    "Pf = Portfolio(*us_companies.Symbol.iloc[:50], period=\"2y\")\n",
    "us_companies.head(15)"
   ],
   "metadata": {
    "collapsed": false,
    "pycharm": {
     "name": "#%%\n"
    }
   }
  },
  {
   "cell_type": "code",
   "execution_count": 42,
   "outputs": [],
   "source": [
    "with open('top50.txt', 'w') as f:\n",
    "    dfAsString = us_companies.Symbol.iloc[:50].to_string(header=False, index=False)\n",
    "    f.write(dfAsString)"
   ],
   "metadata": {
    "collapsed": false,
    "pycharm": {
     "name": "#%%\n"
    }
   }
  },
  {
   "cell_type": "markdown",
   "source": [
    "Let's visually inspect the correlation matrices with and without clustering. The tree plot of the hierarchical clusters is inline with our intutitive understanding of how these equities are clustered - sector, value vs. growth etc."
   ],
   "metadata": {
    "collapsed": false,
    "pycharm": {
     "name": "#%% md\n"
    }
   }
  },
  {
   "cell_type": "code",
   "execution_count": 24,
   "outputs": [
    {
     "data": {
      "application/vnd.plotly.v1+json": {
       "data": [
        {
         "coloraxis": "coloraxis",
         "name": "0",
         "x": [
          "AAPL",
          "MSFT",
          "GOOG",
          "AMZN",
          "TSLA",
          "FB",
          "BRK-A",
          "NVDA",
          "V",
          "UNH",
          "JNJ",
          "JPM",
          "PG",
          "WMT",
          "BAC",
          "HD",
          "MA",
          "XOM",
          "PFE",
          "KO",
          "DIS",
          "CVX",
          "PEP",
          "CSCO",
          "ADBE",
          "ABBV",
          "LLY",
          "TMO",
          "CMCSA",
          "NKE",
          "VZ",
          "ABT",
          "AVGO",
          "ORCL",
          "CRM",
          "COST",
          "INTC",
          "WFC",
          "MRK",
          "DHR",
          "PYPL",
          "MCD",
          "T",
          "QCOM",
          "MS",
          "NFLX",
          "UPS",
          "SCHW",
          "TXN",
          "NEE"
         ],
         "y": [
          "AAPL",
          "MSFT",
          "GOOG",
          "AMZN",
          "TSLA",
          "FB",
          "BRK-A",
          "NVDA",
          "V",
          "UNH",
          "JNJ",
          "JPM",
          "PG",
          "WMT",
          "BAC",
          "HD",
          "MA",
          "XOM",
          "PFE",
          "KO",
          "DIS",
          "CVX",
          "PEP",
          "CSCO",
          "ADBE",
          "ABBV",
          "LLY",
          "TMO",
          "CMCSA",
          "NKE",
          "VZ",
          "ABT",
          "AVGO",
          "ORCL",
          "CRM",
          "COST",
          "INTC",
          "WFC",
          "MRK",
          "DHR",
          "PYPL",
          "MCD",
          "T",
          "QCOM",
          "MS",
          "NFLX",
          "UPS",
          "SCHW",
          "TXN",
          "NEE"
         ],
         "z": [
          [
           1.0,
           0.8080159915408144,
           0.7060387772043052,
           0.6768832648561868,
           0.4917074773328845,
           0.6989348258327357,
           0.5210807229001588,
           0.699897768917915,
           0.6162574590123313,
           0.5744962464185742,
           0.5117252581665678,
           0.4539516110706728,
           0.5248190625213529,
           0.47226588781297724,
           0.4546984273771555,
           0.6283346524967965,
           0.6034904138820997,
           0.36505150651968404,
           0.352873774488045,
           0.4996373066633663,
           0.44809475610567157,
           0.42087201211687614,
           0.6143332756826376,
           0.6023075720105124,
           0.7269225728263577,
           0.4658969633780713,
           0.39114879474818487,
           0.5316778861478925,
           0.5090577157949137,
           0.5227027943439354,
           0.39039579288343174,
           0.540448540086103,
           0.6828562664942118,
           0.5315049966230599,
           0.5909884753563142,
           0.6284783468327969,
           0.5694833022886756,
           0.3964181055874467,
           0.40869641895841236,
           0.575150184940085,
           0.6606460342066699,
           0.5604040423516907,
           0.41283999867240295,
           0.6576419346659544,
           0.5345955101249439,
           0.4944224088276028,
           0.4933937950631833,
           0.39505605383941994,
           0.6837009064032094,
           0.5250578312140828
          ],
          [
           0.8080159915408144,
           1.0,
           0.8221530213259686,
           0.6974038079972716,
           0.5015366433039884,
           0.7060830604914993,
           0.5476144609815664,
           0.7642150842521853,
           0.6794963740040479,
           0.6350426206734601,
           0.5708649264029555,
           0.4892110758140554,
           0.591470794819112,
           0.5068031435835723,
           0.48261620989872017,
           0.6923725702311226,
           0.6548605519230158,
           0.37568121093516604,
           0.39185489779418275,
           0.5404855650798932,
           0.5044781607727156,
           0.46934973261572377,
           0.6816212982011131,
           0.6662847091405143,
           0.8379689870921075,
           0.5430865869280221,
           0.4632348327266808,
           0.5818185099021004,
           0.5670440608193842,
           0.556571339801042,
           0.448268534427275,
           0.6298527427184604,
           0.7404095054352521,
           0.6047505867527225,
           0.7093442225860668,
           0.6700801513535645,
           0.6374330119200532,
           0.4245906210640714,
           0.49209974720464517,
           0.6382234524114858,
           0.6971849461047221,
           0.6079042348558993,
           0.4407652885228406,
           0.6933997361412229,
           0.561772552504497,
           0.5441864967230273,
           0.4802149289823743,
           0.4276888202711362,
           0.7431613320838187,
           0.5785909748003233
          ],
          [
           0.7060387772043052,
           0.8221530213259686,
           1.0,
           0.659829472166401,
           0.4278305321974114,
           0.7425554372533865,
           0.5476060519365602,
           0.6748636405854331,
           0.6723886532606118,
           0.5878404513374,
           0.5063748581640649,
           0.5109644406644066,
           0.510510255578387,
           0.4097185503677441,
           0.5124977305308556,
           0.616871751401026,
           0.6532775842189139,
           0.45099661016150505,
           0.3660932040347417,
           0.5410287799161505,
           0.5382965455528564,
           0.5083144287147405,
           0.5857243900873009,
           0.6022570477607637,
           0.737010287982242,
           0.5441761146375954,
           0.38113136640042866,
           0.5048742210892442,
           0.5544508314759758,
           0.5272369191094709,
           0.43379086336337774,
           0.5113784615002411,
           0.6631650616587836,
           0.5129381962598926,
           0.637801279684182,
           0.5541312486761625,
           0.5790569369131269,
           0.47194900451280275,
           0.4234319858357578,
           0.5408739568154881,
           0.6373733792829361,
           0.5948155781304287,
           0.4605426221903857,
           0.6333455800800514,
           0.5718640312006587,
           0.4983372264445346,
           0.4475613725658017,
           0.4531558245018062,
           0.6855615901106118,
           0.5222822236827248
          ],
          [
           0.6768832648561868,
           0.6974038079972716,
           0.659829472166401,
           1.0,
           0.44476250306529425,
           0.6407189841732279,
           0.28491981342176803,
           0.6365331333157287,
           0.41534942498888877,
           0.37922820657875056,
           0.31800733757464994,
           0.21553868096899578,
           0.36276506505628525,
           0.3603607503244978,
           0.22881715943846423,
           0.42855075345397875,
           0.4204330310708104,
           0.1878422134138328,
           0.1998952550031389,
           0.2737237409196584,
           0.3448414873057322,
           0.18673894755840428,
           0.43515767581585935,
           0.4236794599751421,
           0.6944241241887177,
           0.29879514798646867,
           0.2901056903028152,
           0.41423139270173626,
           0.3814714617126528,
           0.3531522380155061,
           0.26400457356122736,
           0.37413039429823586,
           0.5402860862504932,
           0.36652426986617165,
           0.5704859649386291,
           0.529212745963665,
           0.4655344458568343,
           0.19820381589210176,
           0.2637338143777525,
           0.41412181718148344,
           0.5803956131517914,
           0.3542357121357688,
           0.22828990249046088,
           0.5572038005631317,
           0.29622212092141254,
           0.6156141520933158,
           0.37089747625087455,
           0.22446034797294453,
           0.5649074913650798,
           0.3631627982935664
          ],
          [
           0.4917074773328845,
           0.5015366433039884,
           0.4278305321974114,
           0.44476250306529425,
           1.0,
           0.39261286522287897,
           0.27534457495596676,
           0.5072981690740063,
           0.37747525961200384,
           0.2832300461622131,
           0.15368994696918664,
           0.2745028835102059,
           0.14929503194545274,
           0.16086287973199528,
           0.2609010902396226,
           0.38860071603450275,
           0.3770143227915216,
           0.2227819025055928,
           0.0994156793751612,
           0.23808318371897486,
           0.3006386992692646,
           0.3080260782468132,
           0.25807303282262345,
           0.26028014636753755,
           0.4846308348755764,
           0.2571828840338117,
           0.08072530421199592,
           0.2751485919811339,
           0.28253082191940093,
           0.3077676295079127,
           0.0807922096389201,
           0.25434324018022,
           0.5034120145054525,
           0.18502617177853897,
           0.47595203896670735,
           0.302772729441395,
           0.3524700638033918,
           0.24143182650599918,
           0.21307270306026857,
           0.31039791207680395,
           0.45184790658539103,
           0.4013697148485642,
           0.17386996120110534,
           0.4321368745102697,
           0.3098046775419664,
           0.3723667567865498,
           0.1559059065600445,
           0.22571339466329776,
           0.41584227179776584,
           0.2911282656907448
          ],
          [
           0.6989348258327357,
           0.7060830604914993,
           0.7425554372533865,
           0.6407189841732279,
           0.39261286522287897,
           1.0,
           0.44179571831773146,
           0.6208869646009509,
           0.5742639903111839,
           0.5009050942497247,
           0.39798595575995266,
           0.39016392038648023,
           0.4008629381030394,
           0.35491169205510986,
           0.3996931078258656,
           0.5443500707231941,
           0.5461042818156725,
           0.30584763770457213,
           0.2500127739272593,
           0.38744440920741113,
           0.43722197359833825,
           0.36646643562912323,
           0.4936234228058945,
           0.49615712389270983,
           0.6997952288644296,
           0.4036766153397929,
           0.3004257807986162,
           0.43339231360485536,
           0.4735003036967945,
           0.4706648296251507,
           0.33417763447158916,
           0.41740653827395136,
           0.605764271275821,
           0.4356726617822772,
           0.6255791980724716,
           0.5158504193179781,
           0.49882846377403534,
           0.340906236395912,
           0.3337906066701384,
           0.4648426794899174,
           0.6461805445200871,
           0.5383424431334792,
           0.34187482724286744,
           0.5629812403197004,
           0.4506249491356141,
           0.5215973532342973,
           0.4104408164428979,
           0.3377156129634299,
           0.5953808375010355,
           0.41194085379049705
          ],
          [
           0.5210807229001588,
           0.5476144609815664,
           0.5476060519365602,
           0.28491981342176803,
           0.27534457495596676,
           0.44179571831773146,
           1.0,
           0.40861861936395066,
           0.7368219976080057,
           0.6750011932738582,
           0.639196140531464,
           0.8092521636884915,
           0.5604433563048417,
           0.37457183947406913,
           0.8009077965637141,
           0.6226905949014426,
           0.6949363158729743,
           0.7062674181106171,
           0.4171168313263663,
           0.7135598358686912,
           0.6534653810708969,
           0.7700995107215506,
           0.6197102251022647,
           0.6346789510134968,
           0.3964417832277398,
           0.5234701701279117,
           0.35560590013605653,
           0.369977422899112,
           0.6421749275088416,
           0.5881923269039985,
           0.6178798283914121,
           0.5185803330008792,
           0.601424333233763,
           0.5658795174335158,
           0.415229674540777,
           0.4244043667631568,
           0.5027885159110195,
           0.7349179709627676,
           0.5305087887889952,
           0.45735331831523773,
           0.4392440992481816,
           0.7088580663639084,
           0.6778064241051821,
           0.47723492459743816,
           0.7964595277542211,
           0.19070442809550922,
           0.5078233704148258,
           0.7182376849798998,
           0.611374530671587,
           0.5710837730382392
          ],
          [
           0.699897768917915,
           0.7642150842521853,
           0.6748636405854331,
           0.6365331333157287,
           0.5072981690740063,
           0.6208869646009509,
           0.40861861936395066,
           1.0,
           0.5648430479471109,
           0.5218083571699099,
           0.3731067183634581,
           0.356354693068473,
           0.40685386357673015,
           0.40858000511391,
           0.35919887127011024,
           0.6055457776548021,
           0.5351728904943142,
           0.3129548997697381,
           0.2598171543460772,
           0.353469276880961,
           0.39365771743483424,
           0.3864086322186997,
           0.5135784162215942,
           0.5148100899714776,
           0.7455271256761891,
           0.4094201752071443,
           0.328666969799555,
           0.5273630477031224,
           0.4149585460223805,
           0.5048281847911441,
           0.2700853139555165,
           0.4976815697736573,
           0.7225934239709753,
           0.43375697173886185,
           0.622606888212807,
           0.5557489422143809,
           0.5707596450792746,
           0.3077198286953618,
           0.34103047232102446,
           0.5754405112780554,
           0.6784501403927301,
           0.5076726138724871,
           0.26405105885970903,
           0.6921175128948672,
           0.4716393980098833,
           0.49674455355172464,
           0.4343454667282058,
           0.3263753152956193,
           0.7272797212361859,
           0.46122228042266056
          ],
          [
           0.6162574590123313,
           0.6794963740040479,
           0.6723886532606118,
           0.41534942498888877,
           0.37747525961200384,
           0.5742639903111839,
           0.7368219976080057,
           0.5648430479471109,
           1.0,
           0.6561313431988046,
           0.5853782462745917,
           0.6856049491299904,
           0.5311754711523742,
           0.3552617532786682,
           0.6782504292971232,
           0.6316294870094266,
           0.9233632460477024,
           0.5979302191307045,
           0.4092662318124075,
           0.6573477237835686,
           0.6871002425678768,
           0.6761365558034723,
           0.6046065159865246,
           0.6448837021507604,
           0.5857535295310579,
           0.5601973786529697,
           0.3563299468423879,
           0.4647362336777924,
           0.6238763297368694,
           0.6310471743966107,
           0.5212511536920101,
           0.5325000495009355,
           0.6526379341275949,
           0.547658240474635,
           0.558072307860314,
           0.47355772435104454,
           0.5473827410562397,
           0.5943387147012602,
           0.4856375396935354,
           0.5028469772287837,
           0.6265721710121248,
           0.7099751681092056,
           0.5958616054847075,
           0.5426884405488949,
           0.698589202271642,
           0.31786692173357933,
           0.46620228192724333,
           0.6084881542653229,
           0.6611726847812253,
           0.5534495230208786
          ],
          [
           0.5744962464185742,
           0.6350426206734601,
           0.5878404513374,
           0.37922820657875056,
           0.2832300461622131,
           0.5009050942497247,
           0.6750011932738582,
           0.5218083571699099,
           0.6561313431988046,
           1.0,
           0.6314796916557123,
           0.5819013668450949,
           0.5716455877867548,
           0.4026302964762635,
           0.5706685788334818,
           0.6572315715092232,
           0.611891526463155,
           0.49026616573610443,
           0.455593637660568,
           0.5846045891348083,
           0.47679805011512977,
           0.6053916552119883,
           0.654520925669812,
           0.5736880611330133,
           0.5126274454511459,
           0.6223252155532798,
           0.49008607751174094,
           0.48612197398703166,
           0.5536001388031639,
           0.564939295544788,
           0.5373344889109778,
           0.6126963344879484,
           0.6118272211396376,
           0.5090946034337627,
           0.4222846024753984,
           0.5176486273404304,
           0.5190828006320305,
           0.5044247811641105,
           0.5601663551272249,
           0.5809227059273733,
           0.45251483238241086,
           0.6012894857731169,
           0.5487034668990738,
           0.5175098507762778,
           0.6225703072831196,
           0.29974571797362,
           0.47951662287355123,
           0.48904995415423613,
           0.6058563252229481,
           0.5678227459335714
          ],
          [
           0.5117252581665678,
           0.5708649264029555,
           0.5063748581640649,
           0.31800733757464994,
           0.15368994696918664,
           0.39798595575995266,
           0.639196140531464,
           0.3731067183634581,
           0.5853782462745917,
           0.6314796916557123,
           1.0,
           0.4994079028110505,
           0.7463219610109995,
           0.5343742852435038,
           0.5095465252953425,
           0.5211377303421855,
           0.550530588417889,
           0.4171036859940466,
           0.5970244214555821,
           0.66170042945966,
           0.42388784944880514,
           0.49678337034315984,
           0.7098508248210778,
           0.6332697775925923,
           0.4072781426364243,
           0.5809789778331965,
           0.5771789704250277,
           0.5499708244973914,
           0.5116156848274205,
           0.45921990692067044,
           0.6349680254592036,
           0.6905294790363968,
           0.42405939974516915,
           0.5554445163552703,
           0.35758185290953465,
           0.5329075418391522,
           0.4557252768896571,
           0.4526191565163305,
           0.6244504558692517,
           0.5468231151970573,
           0.39594919838398024,
           0.5112178835214602,
           0.5968952399967538,
           0.39030557530466786,
           0.5356371534751452,
           0.20913515259773816,
           0.4840680648001899,
           0.4382994416454431,
           0.5343776310182212,
           0.6113243907905851
          ],
          [
           0.4539516110706728,
           0.4892110758140554,
           0.5109644406644066,
           0.21553868096899578,
           0.2745028835102059,
           0.39016392038648023,
           0.8092521636884915,
           0.356354693068473,
           0.6856049491299904,
           0.5819013668450949,
           0.4994079028110505,
           1.0,
           0.4501434748683443,
           0.2906164798663252,
           0.9400052089145096,
           0.60468212294148,
           0.6651875500405334,
           0.7166819459765255,
           0.39932065530745964,
           0.6546382733232256,
           0.6660380183164981,
           0.772983944220337,
           0.5415323600387973,
           0.5647494876045658,
           0.3715703709606173,
           0.4717208397145985,
           0.28385091163940956,
           0.2858459681044379,
           0.6275706626186089,
           0.5544485786299366,
           0.5472101381623081,
           0.40275171500682994,
           0.5670723485803377,
           0.530802141055668,
           0.3870819777200953,
           0.3402799696798933,
           0.5012184714908402,
           0.8499260116590724,
           0.46322157630380895,
           0.3761462672226383,
           0.3886719941601548,
           0.6354951946888049,
           0.6835643125190747,
           0.44502675185957,
           0.8710642204868556,
           0.14619528598422235,
           0.4533490773434454,
           0.7776347070427051,
           0.5699149139995093,
           0.49141822626090526
          ],
          [
           0.5248190625213529,
           0.591470794819112,
           0.510510255578387,
           0.36276506505628525,
           0.14929503194545274,
           0.4008629381030394,
           0.5604433563048417,
           0.40685386357673015,
           0.5311754711523742,
           0.5716455877867548,
           0.7463219610109995,
           0.4501434748683443,
           1.0,
           0.6291515354750148,
           0.48024437150660865,
           0.5634166123652107,
           0.5050531064417848,
           0.34773215394601636,
           0.49683963680814186,
           0.657779656349438,
           0.39861389365261485,
           0.37625100150058316,
           0.807577229755949,
           0.6066999793336926,
           0.4631838983481378,
           0.46685320685402704,
           0.4870635520054347,
           0.525273539957719,
           0.5304511332590365,
           0.4523883787607428,
           0.6687850951407739,
           0.6278480840690791,
           0.41359478415462086,
           0.6009594197675407,
           0.36098553009855944,
           0.6240428367981552,
           0.4551907748559907,
           0.4430815885984241,
           0.5023162633089644,
           0.5489623556419584,
           0.4007987133896298,
           0.4914765820184026,
           0.6114970217511752,
           0.43989803022742735,
           0.49744099666350505,
           0.27971380390055733,
           0.5466325713670118,
           0.42792217095415325,
           0.5290338465445834,
           0.6711954683010155
          ],
          [
           0.47226588781297724,
           0.5068031435835723,
           0.4097185503677441,
           0.3603607503244978,
           0.16086287973199528,
           0.35491169205510986,
           0.37457183947406913,
           0.40858000511391,
           0.3552617532786682,
           0.4026302964762635,
           0.5343742852435038,
           0.2906164798663252,
           0.6291515354750148,
           1.0,
           0.3144730235087364,
           0.4711826646559853,
           0.32002962741945495,
           0.2168405108660357,
           0.3627520460969834,
           0.41658007024888605,
           0.2670339775077373,
           0.21987735030200117,
           0.6329049800709725,
           0.4693416880144716,
           0.42760884032144686,
           0.3364769025380173,
           0.39632762269341937,
           0.3849435570958879,
           0.4357418861994653,
           0.2888349268608763,
           0.5017238374333516,
           0.4488275519765949,
           0.3373834286833064,
           0.4839041974514335,
           0.34796920430062,
           0.6784603572575558,
           0.4183244576773477,
           0.307071411890238,
           0.37527914071743707,
           0.3975950012359992,
           0.35481945106644996,
           0.34890900775999634,
           0.4014489404676678,
           0.35979811178625637,
           0.35658542183974845,
           0.3449739819152207,
           0.40085379180146563,
           0.3132696917021623,
           0.4861884303571289,
           0.47624888883822947
          ],
          [
           0.4546984273771555,
           0.48261620989872017,
           0.5124977305308556,
           0.22881715943846423,
           0.2609010902396226,
           0.3996931078258656,
           0.8009077965637141,
           0.35919887127011024,
           0.6782504292971232,
           0.5706685788334818,
           0.5095465252953425,
           0.9400052089145096,
           0.48024437150660865,
           0.3144730235087364,
           1.0,
           0.5760004180531642,
           0.6567727419675063,
           0.7523361784121424,
           0.3809217785368675,
           0.6393199805982139,
           0.6673815533963025,
           0.7584705733013797,
           0.5539575878775435,
           0.6065156397891845,
           0.35586945115432445,
           0.47775476521208315,
           0.3045388802297863,
           0.28670608707188733,
           0.6209238144233268,
           0.5563207818226841,
           0.5607947182559471,
           0.41067874696486467,
           0.5321234921431657,
           0.5308130072277936,
           0.3877268037530927,
           0.3308489621623938,
           0.49884122438566136,
           0.8825522094339987,
           0.44674786588874843,
           0.35667528754632183,
           0.38518483849507373,
           0.6169804131560952,
           0.7182403291180924,
           0.4433907867515861,
           0.8713085005149548,
           0.14538180682272114,
           0.4763830765842225,
           0.8124015675635623,
           0.5707221779240759,
           0.470157942305859
          ],
          [
           0.6283346524967965,
           0.6923725702311226,
           0.616871751401026,
           0.42855075345397875,
           0.38860071603450275,
           0.5443500707231941,
           0.6226905949014426,
           0.6055457776548021,
           0.6316294870094266,
           0.6572315715092232,
           0.5211377303421855,
           0.60468212294148,
           0.5634166123652107,
           0.4711826646559853,
           0.5760004180531642,
           1.0,
           0.588540739358637,
           0.44362266675883427,
           0.36835747602000823,
           0.579266831495454,
           0.5373697514648436,
           0.5705612337340326,
           0.7173146270596277,
           0.6132453229317933,
           0.6111535437119757,
           0.533009722303181,
           0.4067590081081952,
           0.4735530866889812,
           0.5726149874892061,
           0.5913683356654197,
           0.50281525904599,
           0.5273784411557432,
           0.7020178145219628,
           0.5515851458371482,
           0.536165959871173,
           0.5930945764384049,
           0.5609673825187311,
           0.5402397883396988,
           0.4733396086956851,
           0.5775332549060334,
           0.5833616298384431,
           0.7296914856650771,
           0.5237399437182008,
           0.6049551836853301,
           0.6151291426405747,
           0.37446610455227397,
           0.48415609498910844,
           0.44393171301408996,
           0.6603281667668338,
           0.6052114337021126
          ],
          [
           0.6034904138820997,
           0.6548605519230158,
           0.6532775842189139,
           0.4204330310708104,
           0.3770143227915216,
           0.5461042818156725,
           0.6949363158729743,
           0.5351728904943142,
           0.9233632460477024,
           0.611891526463155,
           0.550530588417889,
           0.6651875500405334,
           0.5050531064417848,
           0.32002962741945495,
           0.6567727419675063,
           0.588540739358637,
           1.0,
           0.590064144890051,
           0.3905345153992793,
           0.6693309532344534,
           0.7033652374229206,
           0.636029175931049,
           0.5821331824527375,
           0.6223982980662851,
           0.5521285827685511,
           0.5218721766634433,
           0.3310148866574792,
           0.42538104519937187,
           0.6110400280328327,
           0.6080331132991412,
           0.4674485905167722,
           0.4980967171872116,
           0.6169540841934187,
           0.5239200581660348,
           0.5471172481834897,
           0.4323654630667098,
           0.5373360591177205,
           0.5914602102170126,
           0.4377565676673722,
           0.4740759458252011,
           0.602779168717077,
           0.6622023226580256,
           0.5728951959257954,
           0.5320717209049405,
           0.6835402788684115,
           0.28328529473769126,
           0.4512073725694245,
           0.6101918103650058,
           0.6264398551183283,
           0.5256907830618528
          ],
          [
           0.36505150651968404,
           0.37568121093516604,
           0.45099661016150505,
           0.1878422134138328,
           0.2227819025055928,
           0.30584763770457213,
           0.7062674181106171,
           0.3129548997697381,
           0.5979302191307045,
           0.49026616573610443,
           0.4171036859940466,
           0.7166819459765255,
           0.34773215394601636,
           0.2168405108660357,
           0.7523361784121424,
           0.44362266675883427,
           0.590064144890051,
           1.0,
           0.3071474136939395,
           0.5771017447689774,
           0.5946207595071636,
           0.8620964574974437,
           0.44857422334286645,
           0.5026714081271707,
           0.24779446857515086,
           0.4328761308100102,
           0.2973808105743613,
           0.13370585768438312,
           0.5135251398241932,
           0.4630240418414575,
           0.46562533789052735,
           0.27773885265246695,
           0.4980483888067293,
           0.3844069603137433,
           0.29027089750923185,
           0.22809086354741845,
           0.4386195082395861,
           0.7126960263861662,
           0.3742829862322092,
           0.22291819975089386,
           0.3042980624915516,
           0.5146058538088524,
           0.595157687320546,
           0.3927623498928565,
           0.711892686540091,
           0.08922265601467677,
           0.36497176108881957,
           0.6372631848463595,
           0.5038710742234135,
           0.3648244046164963
          ],
          [
           0.352873774488045,
           0.39185489779418275,
           0.3660932040347417,
           0.1998952550031389,
           0.0994156793751612,
           0.2500127739272593,
           0.4171168313263663,
           0.2598171543460772,
           0.4092662318124075,
           0.455593637660568,
           0.5970244214555821,
           0.39932065530745964,
           0.49683963680814186,
           0.3627520460969834,
           0.3809217785368675,
           0.36835747602000823,
           0.3905345153992793,
           0.3071474136939395,
           1.0,
           0.4829979003292472,
           0.2995612121808957,
           0.34145111693446134,
           0.5101011253500163,
           0.4805446119352935,
           0.2870227444746141,
           0.5120222476446076,
           0.45620379045601833,
           0.4139815132756351,
           0.37844281142763625,
           0.30622734752313213,
           0.5033765391503648,
           0.45449880547589433,
           0.3147742805336699,
           0.4202759306733705,
           0.2205275684552204,
           0.37352028836849405,
           0.348351140832639,
           0.35580812754278884,
           0.47779229147434465,
           0.45885627991791994,
           0.2347374393978905,
           0.30881650108279335,
           0.45918944335757805,
           0.3000888063400776,
           0.3875053043040405,
           0.1249321130789308,
           0.31854694408013,
           0.2841062929107926,
           0.3651636970718173,
           0.4291493050689708
          ],
          [
           0.4996373066633663,
           0.5404855650798932,
           0.5410287799161505,
           0.2737237409196584,
           0.23808318371897486,
           0.38744440920741113,
           0.7135598358686912,
           0.353469276880961,
           0.6573477237835686,
           0.5846045891348083,
           0.66170042945966,
           0.6546382733232256,
           0.657779656349438,
           0.41658007024888605,
           0.6393199805982139,
           0.579266831495454,
           0.6693309532344534,
           0.5771017447689774,
           0.4829979003292472,
           1.0,
